"X1" "X2" "X3" "X4" "X5"
"1" 0.494928186623344 0.450006704021437 0.644496511297067 0.826287969767692 0.783827889757348
"2" 0.417589157023935 0.661664937864669 0.707414230652179 0.853501445938579 0.747508462536846
"3" 0.54361132072021 0.35746749622212 0.910351540338621 0.786162042741844 0.699485423305537
"4" 0.414127418322274 0.657702359955229 0.77595415078363 0.856775135555963 0.747508462536846
"5" 0.369786707304858 0.807279129292625 0 0.894538056720943 0.837487999790571
"6" 0.473394614376612 0.681540767290036 0.461703623472903 0.864488550227835 0.813044867101536
"7" 0.385582863844606 0.687308927849579 0.657998663542689 0.795358571251489 0.783827889757348
"8" 0.252980625994408 0.547936668496061 0.342208830916067 0.859161943566477 0.783827889757348
"9" 0.485796396537302 0.679114103398268 0.378948060968191 0.860153529090748 0.893336728419794
"10" 0.575174735807336 0.762496324628167 0.753471998900025 0.936343611113396 0.975151013116368
"11" 0.527396569069157 0.554381206506052 0.621855921418838 0.813540709643042 0.747508462536846
"12" 0.111457843671598 0.459920768836085 0.699175728841089 0.805500297775554 0.747508462536846
"13" 0.520051402201552 0.769286169469273 0.389797480653452 0.893983150978683 0.893336728419794
"14" 0.804729399582274 0.97855723825516 0.43009340421217 0.883184713894836 1
"15" 0.710781463913565 0.71337444305156 0.624214096293966 0.770689621983694 0.747508462536846
"16" 0.167069207936849 0.32990657462898 0.598049225562079 0.762255336555276 0.699485423305537
"17" 0.847961335904331 0.66589450472194 0.64098809037512 0.802175771320985 0.747508462536846
"18" 0.485481611675346 0.400736627617309 0.666014431046316 0.778226977304168 0.699485423305537
"19" 0.360687808151743 0.712947213768371 0.642149467677419 0.789709380473759 0.747508462536846
"20" 0.366314936803033 0.756321432414405 0.20918875692424 0.785095929163934 0.87692765336304
"21" 0.364786061201122 0.658151203449181 0.58704202662443 0.741772363233998 0.837487999790571
"22" 0.14250454751532 0.306570027157691 0.793180166671977 0.762997956496721 0.783827889757348
"23" 0.689168369861843 0.791310745583234 0.627204319835198 0.821008461360176 0.813044867101536
"24" 0.470603511094689 0.0685931655313473 0.950826865402167 0.695554701213358 0.783827889757348
"25" 0.378862682582782 0.506786039590706 0.508525684562755 0.754075025992997 0.747508462536846
"26" 0.209077094772838 0.692722629758937 0.541664942104008 0.847327914121918 0.783827889757348
"27" 0.476356068355639 0.298951728650555 0.879381184096038 0.820118197220711 0.783827889757348
"28" 0.369786707304858 0.58117144261397 0.427144799856399 0.776194239163979 0.699485423305537
"29" 0.398700164826753 0.700993375657781 0.164548158420497 0.857348910947784 0.813044867101536
"30" 0.560329312578801 0.701977300766804 0.280839358754197 0.870485479735444 0.747508462536846
"31" 0.626060927883456 0.748277439474164 0.522415431276181 0.867560314082758 0.813044867101536
"32" 0.639176122438345 0.665161664186531 0.441019211618656 0.823840795274705 0.747508462536846
"33" 0.670930630610199 0.795992268605117 0.628369434665815 0.854261926961653 0.908126381311577
"34" 0.2011158876822 0.552464162614019 0.908212565669823 0.738474321101281 0.85850040433019
"35" 0.258617963087359 0.531212165429093 0.54954131206227 0.821565926629126 0.85850040433019
"36" 0.696041953732391 0.674828993324983 0.662699366705897 0.870056166853511 0.747508462536846
"37" 0.664571646595839 0.487473638138351 0.865796426165496 0.672082574436235 0.908126381311577
"38" 0.172017279298682 0.419070512906579 0.918067285504628 0.806767218575363 0.783827889757348
"39" 0.693284708272791 0.701744658940644 0.745418342068555 0.980007023537396 0.893336728419794
"40" 0.502168776832922 0.634717120280923 0.659331468521631 0.860911559020701 0.747508462536846
"41" 0.64512689955551 0.515052565379917 0.727014517319619 0.859530375765491 0.908126381311577
"42" 0.497946920568302 0.717830660418532 0.476013424704488 0.781008984162646 0.813044867101536
"43" 0.357231042857559 0.668254555720975 0.724290620826369 0.752382853604661 0.747508462536846
"44" 0.427154832904397 0.646821912382352 0.697755440114605 0.81648581552625 0.893336728419794
"45" 0.234200587129889 0.622397871865235 0.76185481814245 0.78811122077682 0.783827889757348
"46" 0.209334513558936 0.667513016778605 0.572440924511176 0.73695986884779 0.783827889757348
"47" 0.717958890932675 0.822466096077687 0.660412498382738 0.841925091832558 0.983899467436498
"48" 0.704399167254525 0.68450076839289 0.447899163742516 0.841999022693091 0.813044867101536
"49" 0.923270259200979 0.894770198813012 0.665211012688488 0.888333656553151 0.908126381311577
"50" 0.443273714225126 0.75150062494032 0.447132356240901 0.888062816910184 0.813044867101536
"51" 0.649782007982916 0.589534065654834 0.702313671572896 0.72721638918884 0.85850040433019
"52" 0.695532885689073 0.751242446420271 0.662020971738286 0.867819523025569 0.87692765336304
"53" 0.539651430411686 0.170745574358501 0.768799757937281 0.730103090919158 0.699485423305537
"54" 0.540659281241272 0.552016866756943 0.447740525673895 0.803436851605178 0.747508462536846
"55" 0.586064883383432 0.508247729361643 0.824552820120242 0.915847728701001 0.813044867101536
"56" 0.665429406211559 0.392929230061613 0.588806119556995 0.868535391000541 0.783827889757348
"57" 0.543644829644681 0.730753433361063 0.661091146183575 0.882958774783927 0.813044867101536
"58" 0.564328243962399 0.610176958635369 0.608162960231704 0.846775372774491 0.747508462536846
"59" 0.435673843832685 0.378496986654997 0.757603941252909 0.965298176220998 0.783827889757348
"60" 0.31445081256125 0.619037076021884 0.862459888624769 0.839309247864917 0.813044867101536
"61" 0.640424526651899 0.6881923940817 0.764555561353372 0.767534292532984 0.747508462536846
"62" 0.420014458555324 0.372507630088631 0.881246803368066 0.799512645759503 0.813044867101536
"63" 0.451512830172504 0.819402022877748 0.520805134876671 0.882285326643524 0.908126381311577
"64" 0.633199060945462 0.56323231050262 0.763892804520847 0.742653674571455 0.893336728419794
"65" 0.483521303277762 0.3840976871503 0.999510607255878 0.683151355289042 0.893336728419794
"66" 0.271175774099278 0.483709664778319 0.525660110630741 0.772905069044708 0.783827889757348
"67" 0.463867063778487 0.402219606074507 0.764948259245511 0.873610181783925 0.813044867101536
"68" 0.452014908123783 0.528248533280948 0.733594406544992 0.789298255956308 0.783827889757348
"69" 0.520665024525293 0.642179419852902 0.605388532563877 0.855496483009048 0.783827889757348
"70" 0.644815988872379 0.727476102834934 0.48781321959323 0.868445274821244 0.747508462536846
"71" 0.749146813572069 0.627373133799436 0.583588416786624 0.814357864917961 0.783827889757348
"72" 0.133187951235395 0.79300320735044 0.343456997593161 0.782076325885031 0.813044867101536
"73" 0.237229686821388 0.517289091468638 0.445783484871401 0.844033109768401 0.783827889757348
"74" 0.593158150516833 0.807966344785058 0.348554155169028 0.807047837107687 0.813044867101536
"75" 0.464968460286692 0.731140506071135 0.110401840311373 0.876049131831339 0.783827889757348
"76" 0.617806840033924 0.416272373326566 0.646766624501629 0.866575143251282 0.783827889757348
"77" 0.319205587837236 0.592701078556286 0.583921109063509 0.876293392795766 0.921587738667033
"78" 0.642575320722647 0.392003956773023 0.633785589766981 0.853763736659669 0.747508462536846
"79" 0.765144019680002 0.764189249518136 0.836813524967204 0.811003223089037 0.975151013116368
"80" 0.338449367727545 0.500168488310762 0.851135697346005 0.788894827492952 0.837487999790571
"81" 0.454128763686134 0.664850538528767 0.591054913703682 0.862685269382548 0.813044867101536
"82" 0.529836124812611 0.295731272939396 0.877107918150634 0.691513278119778 0.699485423305537
"83" 0.648914269163841 0.603023153959591 0.642755279067272 0.835340779776335 0.747508462536846
"84" 0.480645718402589 0.628087641827865 0.746207118069677 0.85402573676957 0.783827889757348
"85" 0.324495417067512 0.657881930993997 0.297231860543267 0.800227353964538 0.699485423305537
"86" 0.604417788461942 0.755561105147289 0.829562719364455 0.852282139813712 0.955956366301093
"87" 0.387276514215429 0.828344912102416 0.613020222707013 0.888460678467251 0.87692765336304
"88" 0.736101028858554 0.64352041986404 0.357566738316414 0.845056896853828 0.783827889757348
"89" 0.338605339102926 0.256910291709935 0.759349016069673 0.928634959041451 0.783827889757348
"90" 0.553394110259979 0.545148036092897 0.650572681110251 0.850512626629591 0.747508462536846
"91" 0.355884356902269 0.593157542216744 0.834808640506556 0.865598014501697 0.87692765336304
"92" 0.294175412814843 0.669006391932122 0.57097803947586 0.8570275160223 0.813044867101536
"93" 0.349556257123391 0.644904585429459 0.630825269013571 0.757183113797368 0.813044867101536
"94" 0.311947851467383 0.674587762397973 0.872078753059372 0.835865496984837 0.837487999790571
"95" 0.384527966128827 0.673094756360201 0.570284917143266 0.8745079726533 0.783827889757348
"96" 0.395227096132979 0 0.896906880521257 0.896397971015155 0.813044867101536
"97" 0.51246042591943 0.734473723001341 0.554569300433291 0.823949614525673 0.783827889757348
"98" 0.56930212722852 0.492160803022402 0.799662318902748 0.806845201577582 0.747508462536846
"99" 0.66371334292596 0.746890710059639 0.446233157957479 0.880344839061548 0.783827889757348
"100" 0.377688894096396 0.497083308438164 0.697007733543926 0.774966155564545 0.747508462536846
"101" 0.448280730533009 0.679593536917302 0.814370549409566 0.784993328943 0.955956366301093
"102" 0.295262860425644 0.554905382242469 0.349637819690398 0.863962481366842 0.783827889757348
"103" 0.263407791338343 0.501360519303832 0.47194123855725 0.832083710319803 0.783827889757348
"104" 0.262088151907811 0.645098837502183 0.43083686019404 0.86215516891886 0.783827889757348
"105" 0.686517678456363 0.72325989448095 0.356350005057018 0.852108358668473 0.783827889757348
"106" 0.382528941153234 0.989164387557128 0.554904286131059 0.791021863411573 0.992165662107671
"107" 0.638364041653813 0.660782520139471 0.405563132339234 0.756769127665289 0.628420863141647
"108" 0.416632540465595 0.402027958925042 0.604930196350122 0.903435723346236 0.783827889757348
"109" 0.566076127115766 0.813665988788376 0.221129220556404 0.856939213495953 0.87692765336304
"110" 0.498189514746641 0.301678854108143 0.794569994308592 0.807514795899809 0.783827889757348
"111" 0.265384840672263 0.696395469565589 0.488336874910327 0.805672747573389 0.783827889757348
"112" 0.588368602711749 0.974000298243541 0.662247115239401 0.889650262380982 0.992165662107671
"113" 0.320510227419807 0.55204318731602 0.901789617038335 0.83329294542268 0.813044867101536
"114" 0.728318004702061 0.698809390167484 0.868219272763322 0.872206807602667 0.93393985639117
"115" 0.462835912920266 0.67793599275922 0.804262332235827 0.821309362444368 0.813044867101536
"116" 0.404134591525175 0.653683942431957 0.678573527463791 0.955208002280515 0.893336728419794
"117" 0.409547281054261 0.68234427677783 0.60979114093382 1 0.93393985639117
"118" 0.322524017792085 0.289155368413525 0.799175267033153 0.73536182283905 0.747508462536846
"119" 0.404877336837913 0.318555043688471 0.528383696322496 0.765936062512125 0.699485423305537
"120" 0.701390548486553 0.640743895076366 0.708731941798939 0.768737366727143 0.945351705729062
"121" 0.659198295333966 0.674916694049832 0.721341950815797 0.803381473642415 0.783827889757348
"122" 0.636300414437503 0.605666427111711 0.811262765530577 0.841036113885228 0.699485423305537
"123" 0.273632504450548 0.389377992064001 0.830844547445286 0.718610544300097 0.783827889757348
"124" 0.300566727598413 0.679375651090735 0.587067598427988 0.874038964728655 0.783827889757348
"125" 0.19093499420956 0.809589357589648 0.134495598890739 0.853251679604904 0.85850040433019
"126" 0.160547285024212 0.659540840804686 0.750468992571609 0.742715039008152 0.783827889757348
"127" 0 0.078785297625269 0.880696764645916 0.756074314661513 0.747508462536846
"128" 0.18962977501249 0.546065714648949 0.72126758892068 0.791513212387378 0.699485423305537
"129" 0.656919700893915 0.457265473352275 0.610554136685376 0.812019961898782 0.783827889757348
"130" 0.665000594367358 0.79326764660594 0.565352764096426 0.853770130361233 0.813044867101536
"131" 0.371043503547714 0.545892924824257 0.591540292476209 0.865968706236711 0.85850040433019
"132" 0.25708659979756 0.575493053469398 0.842171594306124 0.83693891399003 0.747508462536846
"133" 0.464151380966486 0.640858845147376 0.639295957146081 0.757135013096344 0.783827889757348
"134" 0.675649941178265 0.514253701363475 0.667921951177129 0.807078996398217 0.747508462536846
"135" 0.702046461258907 0.657230772293607 0.23046532757792 0.872460975623687 0.85850040433019
"136" 0.67956511525091 0.759188509749379 0.287393533008983 0.862167510342912 0.93393985639117
"137" 0.399557722709614 0.700749843252742 0.367880629335228 0.872490512322346 0.813044867101536
"138" 0.280447013469498 0.483680040566673 0.629154442013161 0.780965494221655 0.699485423305537
"139" 0.521755222087828 0.313932347931115 0.959321303151365 0.879606582835432 0.813044867101536
"140" 0.709863080928494 0.658846357579262 0.777912243199242 0.872319148091466 0.783827889757348
"141" 0.332548260796064 0.544415556471426 0.264184546774148 0.856288543503758 0.783827889757348
"142" 0.549863103381467 0.554276317748352 0.317299673178841 0.852050403227926 0.783827889757348
"143" 0.520733187610627 0.292602437351614 0.620333827942781 0.77926311735585 0.628420863141647
"144" 0.408621985522055 0.657657460182139 0.362348980173343 0.851676571498893 0.747508462536846
"145" 0.168838453990417 0.754879170771001 0.211518077809038 0.762255336555276 0.747508462536846
"146" 0.602430039943492 0.799608551481685 0.76507097018139 0.945940059143996 0.813044867101536
"147" 0.890062300561814 0.687050154915638 0.681951494332287 0.880104729524431 0.783827889757348
"148" 0.7101297724617 0.621712857027499 0.416767906717367 0.827933990782417 0.628420863141647
"149" 0.775883481977325 0.617326646231413 0.689198985455805 0.798505180511383 0.699485423305537
"150" 0.433530939233303 0.666914808552065 0.528694850354589 0.865202374552862 0.837487999790571
"151" 0.39795402031551 0.52628736210225 0.297396540039691 0.857348910947784 0.783827889757348
"152" 0.453340932385995 0.705774136025057 0.765561779859257 0.84658431424744 0.93393985639117
"153" 0.28593077479536 0.186486219833749 0.906191501838008 0.855019970114572 0.783827889757348
"154" 0.808288840631709 0.668940084603787 0.574826650708961 0.863815462333773 0.893336728419794
"155" 0.25152603308717 0.603071749176181 0.433650147438901 0.882211640337779 0.783827889757348
"156" 0.418398073938731 0.460354264925661 0.59294502363412 0.869476551872111 0.699485423305537
"157" 0.678867890222212 0.730875687295414 0.228845697768029 0.870937799339206 0.85850040433019
"158" 0.45455829660379 0.836668715821485 0.402035240190826 0.930435602195385 0.813044867101536
"159" 0.846756592686223 0.714394671152776 0.533229886465206 0.868733525791833 0.783827889757348
"160" 0.313338956925116 0.764668117468806 0.467812407430362 0.872460975623687 0.813044867101536
"161" 0.44770532597398 0.557519594811915 0.537553032090537 0.848402978438646 0.813044867101536
"162" 0.42959952133001 0.306754401575316 0.852748305232403 0.820677762728174 0.783827889757348
"163" 0.64577957956397 0.715361606546487 0.583741970313226 0.854344856730941 0.699485423305537
"164" 0.685703356114182 0.759473683091465 0.339765637649745 0.835416797791466 0.783827889757348
"165" 0.390432334594328 0.67704024492661 0.691121288668847 0.788852764085778 0.747508462536846
"166" 0.556252134800661 0.575176100685361 0.657218907416212 0.796094086169481 0.908126381311577
"167" 0.369901009754601 0.638636972322392 0.7037573620728 0.889116791244711 0.837487999790571
"168" 0.27019183175183 0.743378324877532 0.372973809130649 0.860657082256244 0.908126381311577
"169" 0.629367388389106 0.744831166698436 0.608926247352466 0.868841529381602 0.837487999790571
"170" 0.77520593239124 0.766571070049511 0.623276053393815 0.849290802918242 0.85850040433019
"171" 0.50144300172767 0.511709567087401 0.461255640546167 0.825338096090821 0.783827889757348
"172" 0.634860265492837 0.680747262888412 0.444275397471228 0.864745042852102 0.893336728419794
"173" 0.540995064779299 0.560265659713339 0.70241325179227 0.805296331195457 0.699485423305537
"174" 0.427666028461428 0.65826337054228 0.747488577639403 0.780416834555728 0.837487999790571
"175" 0.617457858490865 0.652429904058586 0.627989540744514 0.753596968071787 0.747508462536846
"176" 0.409732264261158 0.660838401350294 0.716456167086107 0.989443328662526 0.908126381311577
"177" 0.571273440347637 0.718317321454886 0.306142140988382 0.781738421774624 0.747508462536846
"178" 0.510504501700057 0.765761630923404 0.354645958161571 0.824420586800886 0.85850040433019
"179" 0.68943917086471 0.702928279328252 0.600242149893326 0.83962169466606 0.813044867101536
"180" 0.407362567382741 0.79105516617838 0.617618082097239 0.867234392894933 0.945351705729062
"181" 0.482224539782602 0.71087022831597 0.169770314404071 0.852751354103508 0.747508462536846
"182" 1 0.845218714480582 0.680950889632662 0.876293392795766 0.893336728419794
"183" 0.510470161993375 0.536839009957246 0.909377242859445 0.691106582793494 0.893336728419794
"184" 0.557115001756542 0.755738907400716 0.183896815939259 0.793732340140363 0.85850040433019
"185" 0.734006639986173 0.70702507184966 0.61345227660783 0.811263557509224 0.813044867101536
"186" 0.603103636654939 0.647300432870514 0.348608345361878 0.855724868571619 0.747508462536846
"187" 0.630436322512446 0.739548287839928 0.783365865354148 0.849668422371241 0.813044867101536
"188" 0.511259754861088 0.735325106928826 0.549515512009137 0.844412560823537 0.813044867101536
"189" 0.535241665136073 0.564226666998514 0.790203987407311 0.859105691548836 0.783827889757348
"190" 0.149248345242736 0.469254091031487 0.660940344783796 0.757385029964931 0.783827889757348
"191" 0.359766867137002 0.666349382198099 0.222248502220867 0.979613063560414 0.837487999790571
"192" 0.481347644217173 0.370530091749775 0.796690473558719 0.853674206681131 0.783827889757348
"193" 0.543845865768254 0.729529853826119 0.60757768087059 0.869715740518614 0.908126381311577
"194" 0.0521142782792706 0.662824960846177 0.498273780585278 0.815066801419361 0.85850040433019
"195" 0.465359063020143 0.799458567177204 0.783854652015215 0.971821895414793 0.992165662107671
"196" 0.766309928438487 0.758991780676461 0.550263649280803 0.856749882687988 0.783827889757348
"197" 0.624167888193098 0.643394451707506 0.493256003526856 0.727772591941751 0.783827889757348
"198" 0.469471297337226 0.606766715176608 0.886671873041193 0.838369422768065 0.93393985639117
"199" 0.614122133465078 0.694134088237461 0.530016996883263 0.868967471254632 0.747508462536846
"200" 0.465039487352177 0.479337468672831 0.703508484036428 0.81120232813149 0.813044867101536
"201" 0.861911504880414 0.821854132434583 0.505476232054204 0.863668351837772 0.908126381311577
"202" 0.377347926000698 0.391058939817505 0.851231988642843 0.835913767693151 0.747508462536846
"203" 0.625682531744167 0.693888342214626 0.500075563982212 0.847623388176965 0.699485423305537
"204" 0.469683659587755 0.855890836994421 0.419138294642568 0.968334532430673 0.783827889757348
"205" 0.195580050137686 0.727435177860276 0.126070207370476 0.860762630248578 0.699485423305537
"206" 0.609470178869798 0.674412272005341 0.828401502189613 0.850142846502858 0.783827889757348
"207" 0.7372050952805 0.790572195731459 0.399788619654142 0.877776790318949 0.85850040433019
"208" 0.647083995936227 0.796378105147286 0.663252054172083 0.88397943195861 0.893336728419794
"209" 0.480786132696347 0.490071155681012 0.572671860082977 0.885834618828477 0.813044867101536
"210" 0.232008679418677 0.465237141180728 0.800904060190499 0.777513091582991 0.783827889757348
"211" 0.594707883877886 0.634554763320887 0.788593092286905 0.923573230715417 0.87692765336304
"212" 0.507066210216156 0.761614234119637 0.431075799458444 0.790245285191487 0.783827889757348
"213" 0.178615944813789 0.754582499660396 0.210171171847508 0.860271742800188 0.837487999790571
"214" 0.426168410080031 0.389127100751413 0.731715445357208 0.920010333324845 0.783827889757348
"215" 0.477904723469328 0.572392811377559 0.633836175776504 0.810305032258837 0.87692765336304
"216" 0.47783436849108 0.472591038310969 0.582769370669788 0.937149371220907 0.783827889757348
"217" 0.493155448022851 0.484642003767562 0.86809936039837 0.786306663599456 0.783827889757348
"218" 0.459095849119169 0.639846637224292 0.716282460083742 0.763176213929601 0.813044867101536
"219" 0.618187444555727 0.705237395283391 0.362267972656995 0.843713099088774 0.837487999790571
"220" 0.520767267865784 0.466676370392027 0.726816472855623 0.774832283098388 0.628420863141647
"221" 0.629807639999196 0.476598036203174 0.661091146183575 0.760193900998613 0.783827889757348
"222" 0.54451577055981 0.684684702054353 0.17558009229656 0.899795716063642 0.837487999790571
"223" 0.612339712215416 0.699764330083411 0.804165026611563 0.735055701875415 0.747508462536846
"224" 0.421738921178007 0.662222873540311 1 0.73671875160232 0.992165662107671
"225" 0.397879383231499 0.662902972522645 0.62005471868426 0.862204530750891 0.783827889757348
"226" 0.291109748955618 0.729458419869107 0.467444030578484 0.836519760374108 0.85850040433019
"227" 0.623125586450691 0.866814048540937 0.743149823031967 0.86412164890444 0.908126381311577
"228" 0.58164114403256 0.527042433097747 0.506414763156174 0.843479484647585 0.747508462536846
"229" 0.219676463521473 0.743889623484882 0.679724834080666 0.868919501307112 0.85850040433019
"230" 0.129006330820656 0.356386259017387 0.907451799666596 0.784453946211417 0.837487999790571
"231" 0.262253177231345 0.474854309633525 0.622819633819659 0.814720140596474 0.747508462536846
"232" 0.489044892865648 0.536109844447847 0.94205717268788 0.840461891947608 0.85850040433019
"233" 0.478221275613461 0.312098367819621 0.851905970112988 0.869661944163448 0.699485423305537
"234" 0.325243796396299 0.408740591501824 0.845499070705053 0.775634383403644 0.813044867101536
"235" 0.560097607441214 0.53892706008401 0.621627641934851 0.822676929972112 0.747508462536846
"236" 0.441323534726386 0.667147503503981 0.504015873789497 0.737169336356826 0.813044867101536
"237" 0.548628409558258 0.314822360833946 0.933057933193095 0.950183923270989 0.747508462536846
"238" 0.531696715854121 0.623553752532327 0.730454112103363 0.755047665795877 0.628420863141647
"239" 0.635204788394893 0.681823180510843 0.526153081426075 0.828596316288388 0.628420863141647
"240" 0.723485794953905 0.700601567996808 0.366154492503549 0.815412954782868 0.747508462536846
"241" 0.541699939115967 0.729601281326658 0.449881622282194 0.84940805970849 0.87692765336304
"242" 0.524884656490444 0.544735292914144 0.622718200633802 0.705659248644943 0.837487999790571
"243" 0.319363792975816 0.764941631603614 0.444804614123809 0.859293146258596 0.85850040433019
"244" 0.527464393927017 0.199451496764697 0.517608675113835 0.810819284902161 0.699485423305537
"245" 0.338761292503042 0.362108197230667 0.718068831148722 0.841440609118118 0.747508462536846
"246" 0.520460514666013 0.647767248275018 0.258561755021524 0.886542581913359 0.837487999790571
"247" 0.420858619094234 0.722107014991372 0.539544837822459 0.827448532948866 0.783827889757348
"248" 0.268878794721015 0.669260514229257 0.640584059445628 0.863551824420989 0.813044867101536
"249" 0.26023022895089 0.540699555056855 0.482205958610896 0.856667792237298 0.747508462536846
"250" 0.380942708167951 0.460199486304168 0.311533397647853 0.850259681656583 0.747508462536846
"251" 0.168042579511554 0.381680029658191 0.633203807763953 0.778719270872335 0.783827889757348
"252" 0.328468904805615 0.796105214357562 0.25967033323112 0.885376380137281 0.893336728419794
"253" 0.216181012612495 0.636847442732562 0.682826834096643 0.788642334741719 0.908126381311577
"254" 0.810326472593237 0.733022242666237 0.700446120879766 0.841770434392378 0.783827889757348
"255" 0.395451434271972 0.491343421798056 0.43439295675673 0.845911086303386 0.783827889757348
"256" 0.580924178278035 0.532083402878194 0.72926664341329 0.735583249514103 0.837487999790571
"257" 0.586324653533734 0.532708814751451 0.684077013132053 0.798844167869951 0.747508462536846
"258" 0.552096037320897 0.800975952320209 0.150321317976244 0.890456431622135 0.93393985639117
"259" 0.841711810257682 1 0.43532127869429 0.837508047146861 0.975151013116368
"260" 0.833676560089216 0.793286531991003 0.670405485438398 0.918405643350442 0.783827889757348
"261" 0.157787089489611 0.667834074035097 0.545566236879087 0.850168814859515 0.908126381311577
"262" 0.591153781227327 0.420413203152811 0.783023682658702 0.934719266814362 0.837487999790571
"263" 0.282683821673266 0.746541158168861 0.617161058009735 0.86219219125886 0.837487999790571
"264" 0.399893140958946 0.581648652761941 0.741620378226086 0.848749365365166 0.837487999790571
"265" 0.520494601788986 0.738953544752164 0.5980237197912 0.802906272647538 0.93393985639117
"266" 0.509542660361958 0.848843199059264 0.0490279598714549 0.91856125590414 0.837487999790571
"267" 0.384754084878005 0.455706342733216 0.733001137307307 0.865853307175659 0.783827889757348
"268" 0.694304344873221 0.629105413837189 0.728771769852116 0.716563486165028 0.747508462536846
"269" 0.73732126041503 0.935128920958188 0.553048645555402 0.892033380925922 1
"270" 0.61176629213707 0.684327612879078 0.148382356500454 0.809265442194273 0.628420863141647
"271" 0.748772526073444 0.7453515479288 0.560389106414531 0.829299339905458 0.813044867101536
"272" 0.324219594003032 0.507410910850464 0.497228910447614 0.806025094569821 0.699485423305537
"273" 0.581217528365577 0.738671138973346 0.409968691607327 0.868631477086987 0.908126381311577
"274" 0.398700164826753 0.718969177871145 0.866492227869131 0.976547875064567 0.945351705729062
"275" 0.143720914025359 0.615707269153101 0.511000093600286 0.796688994671726 0.699485423305537
"276" 0.498397418004363 0.55369910952517 0.324039151027794 0.868697513630412 0.783827889757348
"277" 0.287915693051417 0.607599792075336 0.524440406720357 0.825770329915029 0.747508462536846
"278" 0.518140573590306 0.625683476142299 0.519350139652737 0.85625058515564 0.87692765336304
"279" 0.559468493433166 0.72852919009104 0.746083881138715 0.82193196468167 0.975151013116368
"280" 0.351681785421541 0.633428818522954 0.495164519044543 0.835147169029404 0.783827889757348
"281" 0.305130670040346 0.640479438401362 0.649967969886696 0.728653292607776 0.747508462536846
"282" 0.49398996724737 0.554761278415605 0.443957834680382 0.82508559435248 0.813044867101536
"283" 0.404357457928133 0.474010475544905 0.666817700040374 0.873610181783925 0.837487999790571
"284" 0.578705697616032 0.64387529987065 0.671809681622257 0.762189422170044 0.747508462536846
"285" 0.611989317708453 0.566879148344842 0.543293075397228 0.770762291884539 0.699485423305537
"286" 0.263407791338343 0.590946276928199 0.640382029728512 0.819091343206627 0.699485423305537
"287" 0.550863380118874 0.511639126628444 0.54936070836535 0.791238515912552 0.813044867101536
"288" 0.456310809037395 0.534621744876485 0.520597309458768 0.880356266769923 0.813044867101536
"289" 0.397095445205536 0.181613872830723 0.773260359882773 0.779210541681842 0.699485423305537
"290" 0.321813610399111 0.798773931677915 0.184942202244809 0.893616090522548 0.783827889757348
"291" 0.0800125220691794 0.385057461091596 0.661644039573889 0.912504968719827 0.813044867101536
"292" 0.626060927883456 0.706205361109462 0.487603738930857 0.745429759457578 0.783827889757348
"293" 0.385884112209899 0.479262805455881 0.888725493835221 0.712775498332925 0.783827889757348
"294" 0.364212287224791 0.298765595727336 0.720077626696426 0.794604339482372 0.783827889757348
"295" 0.40936227255674 0.328091942861124 0.752339958142872 0.924262330113712 0.837487999790571
"296" 0.234579595608311 0.586800038825252 0.533592477222031 0.707719490771108 0.628420863141647
"297" 0.369824809194213 0.686802080129892 0.581514899409747 0.852796298373547 0.893336728419794
"298" 0.341993276401569 0.535190366892264 0.926362016298918 0.769779358886126 0.893336728419794
"299" 0.736420719681092 0.586264311122166 0.840531062388374 0.854102364845794 0.747508462536846
"300" 0.498016237628625 0.783838899722446 0.207925284874565 0.806025094569821 0.85850040433019
